	Outside MPI	MPI_Send	MPI_Recv	MPI_Barrier	MPI_Allreduce	MPI_Allgather	MPI_Comm_rank	MPI_Comm_size	MPI_Init	MPI_Finalize	Unknown value 60	MPI_Iprobe	
THREAD 1.1.1	57.783364	0.011915	0.019150	42.106414	0.044720	0.025483	0.000082	0.000041	0.000071	0.000030	0.004693	0.004039	
THREAD 1.2.1	63.838581	0.000390	0.000135	35.912537	0.029886	0.025356	0.000079	0.000041	0.084558	0.000034	0.108404	0.000000	
THREAD 1.3.1	58.120406	0.000384	0.000133	41.615838	0.045415	0.025315	0.000077	0.000042	0.083860	0.000033	0.108498	0.000000	
THREAD 1.4.1	57.508142	0.000378	0.000133	42.228023	0.046086	0.025323	0.000077	0.000043	0.083184	0.000034	0.108577	0.000000	
THREAD 1.5.1	56.172990	0.000385	0.000129	43.561696	0.047991	0.025665	0.000087	0.000044	0.082505	0.000039	0.108469	0.000000	
THREAD 1.6.1	63.048622	0.000382	0.000131	36.698997	0.036007	0.025350	0.000080	0.000045	0.081839	0.000031	0.108515	0.000000	
THREAD 1.7.1	55.605779	0.000376	0.000132	44.130692	0.047728	0.025375	0.000078	0.000046	0.081177	0.000032	0.108584	0.000000	
THREAD 1.8.1	57.995562	0.000392	0.000136	41.746003	0.043250	0.025342	0.000075	0.000039	0.080507	0.000030	0.108665	0.000000	
THREAD 1.9.1	63.186944	0.000382	0.000131	36.562909	0.035402	0.025648	0.000082	0.000041	0.079845	0.000031	0.108584	0.000000	
THREAD 1.10.1	57.864395	0.000382	0.000132	41.875720	0.045917	0.025498	0.000083	0.000041	0.079176	0.000034	0.108621	0.000000	
THREAD 1.11.1	56.473676	0.000391	0.000131	43.265042	0.047957	0.025441	0.000077	0.000041	0.078513	0.000031	0.108698	0.000000	
THREAD 1.12.1	61.056931	0.000388	0.000133	38.677445	0.052996	0.025359	0.000078	0.000040	0.077846	0.000036	0.108748	0.000000	
THREAD 1.13.1	56.935244	0.000390	0.000132	42.807188	0.045329	0.025711	0.000082	0.000042	0.077180	0.000040	0.108661	0.000000	
THREAD 1.14.1	57.742157	0.000395	0.000129	42.004070	0.042453	0.025435	0.000083	0.000042	0.076511	0.000032	0.108692	0.000000	
THREAD 1.15.1	62.973654	0.000391	0.000133	36.785537	0.030175	0.025363	0.000076	0.000041	0.075850	0.000032	0.108747	0.000000	
THREAD 1.16.1	57.730834	0.000390	0.000136	42.012999	0.046118	0.025344	0.000076	0.000041	0.075184	0.000033	0.108846	0.000000	
THREAD 1.17.1	57.498022	0.000389	0.000130	42.249727	0.042634	0.025640	0.000086	0.000039	0.074528	0.000030	0.108775	0.000000	
THREAD 1.18.1	55.889427	0.000385	0.000132	43.853756	0.047988	0.025482	0.000082	0.000040	0.073862	0.000034	0.108813	0.000000	
THREAD 1.19.1	57.532640	0.000395	0.000131	42.216130	0.043065	0.025423	0.000079	0.000043	0.073201	0.000031	0.108862	0.000000	
THREAD 1.20.1	56.142262	0.000383	0.000136	43.593776	0.056528	0.025303	0.000078	0.000044	0.072530	0.000033	0.108929	0.000000	
THREAD 1.21.1	57.025777	0.000393	0.000129	42.720125	0.047046	0.025623	0.000086	0.000040	0.071865	0.000032	0.108883	0.000000	
THREAD 1.22.1	62.240401	0.000393	0.000131	37.516572	0.036799	0.025443	0.000084	0.000042	0.071192	0.000032	0.108911	0.000000	
THREAD 1.23.1	56.093127	0.000390	0.000132	43.653852	0.047393	0.025454	0.000079	0.000044	0.070523	0.000034	0.108971	0.000000	
THREAD 1.24.1	55.910709	0.000391	0.000133	43.831297	0.053124	0.025289	0.000076	0.000040	0.069856	0.000034	0.109049	0.000000	
THREAD 1.25.1	56.405286	0.000390	0.000133	43.335181	0.055126	0.025612	0.000082	0.000041	0.069189	0.000032	0.108929	0.000000	
THREAD 1.26.1	57.307407	0.000405	0.000136	42.443752	0.045194	0.025485	0.000082	0.000043	0.068514	0.000038	0.108944	0.000000	
THREAD 1.27.1	61.269054	0.000392	0.000130	38.477989	0.050052	0.025351	0.000080	0.000044	0.067835	0.000033	0.109039	0.000000	
THREAD 1.28.1	57.386860	0.000393	0.000132	42.367382	0.043310	0.025475	0.000080	0.000043	0.067169	0.000034	0.109122	0.000000	
THREAD 1.29.1	56.411139	0.000390	0.000130	43.342846	0.044109	0.025669	0.000082	0.000039	0.066490	0.000031	0.109075	0.000000	
THREAD 1.30.1	56.682874	0.000386	0.000132	43.068187	0.047879	0.025454	0.000085	0.000042	0.065814	0.000035	0.109112	0.000000	
THREAD 1.31.1	56.491146	0.000389	0.000132	43.264079	0.044309	0.025469	0.000079	0.000043	0.065152	0.000033	0.109169	0.000000	
THREAD 1.32.1	55.810876	0.000381	0.000134	43.943518	0.045793	0.025424	0.000079	0.000042	0.064479	0.000035	0.109239	0.000000	
THREAD 1.33.1	57.371988	0.000395	0.000131	42.382505	0.046074	0.025711	0.000084	0.000043	0.063876	0.000031	0.109162	0.000000	
THREAD 1.34.1	57.322068	0.000388	0.000131	42.432720	0.046570	0.025549	0.000082	0.000043	0.063198	0.000037	0.109214	0.000000	
THREAD 1.35.1	57.362625	0.000385	0.000131	42.392166	0.047222	0.025497	0.000077	0.000045	0.062541	0.000034	0.109278	0.000000	
THREAD 1.36.1	64.628663	0.000398	0.000136	35.144253	0.029707	0.025469	0.000080	0.000039	0.061863	0.000035	0.109356	0.000000	
THREAD 1.37.1	69.819802	0.000392	0.000134	29.968609	0.014623	0.025840	0.000085	0.000040	0.061205	0.000031	0.109238	0.000000	
THREAD 1.38.1	67.688923	0.000400	0.000133	32.097132	0.017893	0.025556	0.000085	0.000040	0.060534	0.000035	0.109269	0.000000	
THREAD 1.39.1	64.574897	0.000394	0.000131	35.208743	0.020955	0.025522	0.000080	0.000041	0.059866	0.000035	0.109336	0.000000	
THREAD 1.40.1	64.165861	0.000390	0.000133	35.616203	0.023203	0.025466	0.000076	0.000040	0.059197	0.000031	0.109400	0.000000	
THREAD 1.41.1	62.633189	0.000388	0.000129	37.137042	0.035533	0.025670	0.000083	0.000042	0.058531	0.000031	0.109362	0.000000	
THREAD 1.42.1	55.850758	0.000384	0.000131	43.901830	0.054018	0.025465	0.000083	0.000044	0.057853	0.000036	0.109398	0.000000	
THREAD 1.43.1	63.075225	0.000391	0.000130	36.684556	0.047493	0.025374	0.000078	0.000044	0.057189	0.000034	0.109486	0.000000	
THREAD 1.44.1	64.005073	0.000387	0.000136	35.775533	0.027267	0.025405	0.000077	0.000042	0.056522	0.000033	0.109526	0.000000	
THREAD 1.45.1	66.557486	0.000394	0.000135	33.228464	0.022405	0.025638	0.000086	0.000044	0.055855	0.000031	0.109462	0.000000	
THREAD 1.46.1	59.508080	0.000393	0.000132	40.261572	0.039473	0.025494	0.000082	0.000042	0.055179	0.000037	0.109517	0.000000	
THREAD 1.47.1	63.859783	0.000394	0.000132	35.904642	0.045461	0.025335	0.000078	0.000044	0.054515	0.000035	0.109580	0.000000	
THREAD 1.48.1	63.308409	0.000397	0.000137	36.471849	0.030016	0.025530	0.000078	0.000043	0.053843	0.000032	0.109666	0.000000	
THREAD 1.49.1	60.348200	0.000388	0.000128	39.408084	0.054573	0.025696	0.000083	0.000039	0.053175	0.000031	0.109601	0.000000	
THREAD 1.50.1	68.456069	0.000384	0.000132	31.335733	0.019990	0.025439	0.000082	0.000040	0.052453	0.000034	0.109645	0.000000	
THREAD 1.51.1	59.842934	0.000386	0.000129	39.931447	0.037956	0.025479	0.000076	0.000041	0.051793	0.000035	0.109723	0.000000	
THREAD 1.52.1	63.289251	0.000387	0.000132	36.475461	0.048345	0.025370	0.000075	0.000040	0.051056	0.000037	0.109844	0.000000	
THREAD 1.53.1	56.851181	0.000398	0.000137	42.906874	0.055589	0.025556	0.000083	0.000039	0.050440	0.000031	0.109672	0.000000	
THREAD 1.54.1	64.529825	0.000391	0.000131	35.238919	0.045631	0.025421	0.000079	0.000042	0.049812	0.000038	0.109713	0.000000	
THREAD 1.55.1	60.827586	0.000391	0.000132	38.956542	0.030894	0.025314	0.000077	0.000041	0.049193	0.000034	0.109796	0.000000	
THREAD 1.56.1	59.838501	0.000385	0.000133	39.943131	0.033879	0.025376	0.000076	0.000040	0.048569	0.000032	0.109878	0.000000	
THREAD 1.57.1	57.981543	0.000385	0.000135	41.792398	0.041971	0.025681	0.000084	0.000039	0.047945	0.000032	0.109787	0.000000	
THREAD 1.58.1	62.753714	0.000387	0.000129	37.031405	0.031646	0.025443	0.000078	0.000040	0.047320	0.000033	0.109805	0.000000	
THREAD 1.59.1	60.819388	0.000390	0.000131	38.968298	0.029740	0.025409	0.000077	0.000041	0.046592	0.000035	0.109899	0.000000	
THREAD 1.60.1	59.772887	0.000389	0.000135	40.009743	0.035326	0.025453	0.000076	0.000043	0.045969	0.000035	0.109943	0.000000	
THREAD 1.61.1	62.086898	0.000385	0.000134	37.699627	0.031998	0.025575	0.000087	0.000039	0.045338	0.000032	0.109887	0.000000	
THREAD 1.62.1	69.892506	0.000392	0.000132	29.913439	0.013362	0.025390	0.000085	0.000042	0.044706	0.000040	0.109907	0.000000	
THREAD 1.63.1	64.878509	0.000391	0.000131	34.895939	0.045490	0.025326	0.000076	0.000044	0.044072	0.000034	0.109988	0.000000	
THREAD 1.64.1	59.025572	0.000393	0.000135	40.751298	0.043529	0.025406	0.000078	0.000043	0.043453	0.000033	0.110061	0.000000	
THREAD 1.65.1	62.055397	0.000384	0.000134	37.735206	0.030189	0.025647	0.000082	0.000039	0.042897	0.000032	0.109992	0.000000	
THREAD 1.66.1	77.942523	0.000389	0.000134	21.850723	0.028286	0.025509	0.000083	0.000042	0.042257	0.000035	0.110020	0.000000	
THREAD 1.67.1	69.724612	0.000389	0.000132	30.079952	0.017627	0.025399	0.000078	0.000044	0.041634	0.000033	0.110100	0.000000	
THREAD 1.68.1	79.951243	0.000386	0.000134	19.852113	0.019371	0.025439	0.000078	0.000043	0.041010	0.000034	0.110149	0.000000	
THREAD 1.69.1	84.572618	0.000390	0.000135	15.220878	0.029605	0.025745	0.000083	0.000041	0.040378	0.000032	0.110096	0.000000	
THREAD 1.70.1	69.584943	0.000387	0.000133	30.216896	0.022179	0.025513	0.000082	0.000042	0.039657	0.000038	0.110130	0.000000	
THREAD 1.71.1	88.484553	0.000394	0.000133	11.329104	0.011017	0.025417	0.000077	0.000041	0.039037	0.000035	0.110193	0.000000	
THREAD 1.72.1	77.593326	0.000387	0.000135	22.201964	0.030027	0.025419	0.000078	0.000042	0.038296	0.000032	0.110294	0.000000	
THREAD 1.73.1	55.528659	0.000391	0.000130	44.242934	0.053996	0.025853	0.000087	0.000041	0.037667	0.000032	0.110210	0.000000	
THREAD 1.74.1	79.188351	0.000392	0.000132	20.618064	0.020107	0.025513	0.000084	0.000041	0.037036	0.000032	0.110247	0.000000	
THREAD 1.75.1	85.781590	0.000384	0.000133	14.042390	0.003174	0.025436	0.000082	0.000041	0.036414	0.000033	0.110323	0.000000	
THREAD 1.76.1	82.662679	0.000387	0.000135	17.141841	0.023177	0.025460	0.000075	0.000041	0.035784	0.000039	0.110382	0.000000	
THREAD 1.77.1	77.542669	0.000388	0.000135	22.255167	0.030433	0.025580	0.000086	0.000040	0.035152	0.000032	0.110318	0.000000	
THREAD 1.78.1	64.287546	0.000392	0.000130	35.495255	0.046385	0.025354	0.000083	0.000041	0.034422	0.000035	0.110356	0.000000	
THREAD 1.79.1	82.851509	0.000392	0.000131	16.950183	0.028088	0.025323	0.000080	0.000041	0.033796	0.000034	0.110423	0.000000	
THREAD 1.80.1	69.867135	0.000388	0.000133	29.925269	0.037902	0.025399	0.000074	0.000040	0.033163	0.000033	0.110464	0.000000	
THREAD 1.81.1	78.224679	0.000385	0.000134	21.579294	0.026734	0.025666	0.000083	0.000041	0.032534	0.000031	0.110419	0.000000	
THREAD 1.82.1	70.593244	0.000388	0.000131	29.192097	0.046369	0.025259	0.000084	0.000041	0.031902	0.000034	0.110451	0.000000	
THREAD 1.83.1	79.261488	0.000389	0.000132	20.549160	0.021470	0.025394	0.000080	0.000041	0.031277	0.000035	0.110533	0.000000	
THREAD 1.84.1	90.862184	0.000390	0.000134	8.959554	0.011045	0.025357	0.000076	0.000040	0.030550	0.000039	0.110632	0.000000	
THREAD 1.85.1	82.145874	0.000392	0.000135	17.660010	0.027200	0.025766	0.000084	0.000042	0.029922	0.000032	0.110544	0.000000	
THREAD 1.86.1	76.416728	0.000390	0.000131	23.396364	0.020884	0.025472	0.000081	0.000040	0.029291	0.000037	0.110581	0.000000	
THREAD 1.87.1	60.762810	0.000391	0.000131	39.021848	0.049940	0.025393	0.000078	0.000042	0.028667	0.000032	0.110668	0.000000	
THREAD 1.88.1	75.367395	0.000391	0.000133	24.435344	0.032324	0.025489	0.000078	0.000041	0.028039	0.000033	0.110734	0.000000	
THREAD 1.89.1	60.619978	0.000387	0.000129	39.167994	0.047678	0.025615	0.000085	0.000044	0.027410	0.000030	0.110649	0.000000	
THREAD 1.90.1	65.007068	0.000391	0.000132	34.791463	0.037886	0.025421	0.000085	0.000041	0.026794	0.000041	0.110678	0.000000	
THREAD 1.91.1	62.425855	0.000384	0.000130	37.366432	0.044988	0.025232	0.000077	0.000042	0.026065	0.000033	0.110762	0.000000	
THREAD 1.92.1	90.889411	0.000395	0.000134	8.940324	0.008075	0.025338	0.000076	0.000039	0.025335	0.000032	0.110839	0.000000	
THREAD 1.93.1	73.491858	0.000393	0.000135	26.307129	0.039104	0.025773	0.000085	0.000039	0.024700	0.000032	0.110752	0.000000	
THREAD 1.94.1	73.131751	0.000390	0.000130	26.685350	0.021716	0.025624	0.000082	0.000042	0.024071	0.000038	0.110806	0.000000	
THREAD 1.95.1	91.471867	0.000397	0.000131	8.360613	0.007026	0.025509	0.000078	0.000044	0.023449	0.000035	0.110851	0.000000	
THREAD 1.96.1	73.460939	0.000390	0.000133	26.341831	0.037305	0.025519	0.000074	0.000042	0.022823	0.000033	0.110911	0.000000	
THREAD 1.97.1	73.386719	0.000395	0.000134	26.417358	0.036556	0.025552	0.000084	0.000041	0.022250	0.000033	0.110880	0.000000	
THREAD 1.98.1	83.308711	0.000396	0.000136	16.507624	0.025077	0.025389	0.000082	0.000041	0.021617	0.000038	0.110890	0.000000	
THREAD 1.99.1	78.399563	0.000393	0.000131	21.414465	0.027895	0.025430	0.000077	0.000042	0.020988	0.000035	0.110980	0.000000	
THREAD 1.100.1	92.522780	0.000399	0.000135	7.289802	0.029979	0.025433	0.000077	0.000042	0.020256	0.000034	0.111063	0.000000	
THREAD 1.101.1	46.671425	0.000389	0.000132	53.058050	0.114055	0.025192	0.000084	0.000041	0.019610	0.000031	0.110992	0.000000	
THREAD 1.102.1	46.706350	0.000395	0.000134	53.023514	0.114119	0.025337	0.000086	0.000043	0.018983	0.000037	0.111003	0.000000	
THREAD 1.103.1	46.702324	0.000394	0.000135	53.028272	0.114076	0.025283	0.000076	0.000043	0.018263	0.000034	0.111101	0.000000	
THREAD 1.104.1	46.712333	0.000405	0.000138	53.018871	0.114060	0.025261	0.000074	0.000042	0.017630	0.000031	0.111155	0.000000	
THREAD 1.105.1	46.698512	0.000400	0.000134	53.033712	0.113939	0.025187	0.000084	0.000039	0.016888	0.000033	0.111073	0.000000	
THREAD 1.106.1	46.708513	0.000394	0.000137	53.024172	0.113929	0.025333	0.000084	0.000039	0.016265	0.000036	0.111097	0.000000	
THREAD 1.107.1	46.848273	0.000400	0.000137	52.884956	0.113990	0.025271	0.000079	0.000042	0.015641	0.000034	0.111177	0.000000	
THREAD 1.108.1	47.075070	0.000400	0.000138	52.658704	0.114129	0.025262	0.000081	0.000042	0.014860	0.000036	0.111277	0.000000	
THREAD 1.109.1	46.684600	0.000390	0.000133	53.050125	0.113928	0.025222	0.000084	0.000041	0.014227	0.000031	0.111219	0.000000	
THREAD 1.110.1	46.696951	0.000390	0.000135	53.038191	0.113937	0.025372	0.000084	0.000041	0.013608	0.000034	0.111258	0.000000	
THREAD 1.111.1	46.921715	0.000388	0.000135	52.813986	0.114017	0.025309	0.000079	0.000041	0.012979	0.000034	0.111317	0.000000	
THREAD 1.112.1	47.059357	0.000386	0.000137	52.676829	0.114102	0.025301	0.000076	0.000040	0.012355	0.000033	0.111385	0.000000	
THREAD 1.113.1	46.681581	0.000390	0.000132	53.055571	0.113903	0.025225	0.000088	0.000039	0.011719	0.000031	0.111321	0.000000	
THREAD 1.114.1	46.723761	0.000388	0.000134	53.013874	0.113916	0.025333	0.000086	0.000041	0.011092	0.000033	0.111342	0.000000	
THREAD 1.115.1	46.917451	0.000386	0.000135	52.820659	0.114022	0.025273	0.000082	0.000043	0.010465	0.000034	0.111451	0.000000	
THREAD 1.116.1	47.377481	0.000393	0.000136	52.361097	0.114107	0.025289	0.000077	0.000042	0.009836	0.000034	0.111508	0.000000	
THREAD 1.117.1	46.686049	0.000395	0.000133	53.053497	0.113943	0.025177	0.000082	0.000039	0.009205	0.000032	0.111448	0.000000	
THREAD 1.118.1	46.762568	0.000395	0.000135	52.977427	0.114028	0.025351	0.000082	0.000040	0.008474	0.000034	0.111467	0.000000	
THREAD 1.119.1	46.928044	0.000388	0.000135	52.812534	0.114065	0.025275	0.000075	0.000042	0.007850	0.000036	0.111557	0.000000	
THREAD 1.120.1	46.719349	0.000392	0.000136	53.021873	0.113959	0.025276	0.000077	0.000041	0.007222	0.000035	0.111640	0.000000	
THREAD 1.121.1	46.692311	0.000394	0.000133	53.049765	0.113882	0.025224	0.000085	0.000042	0.006595	0.000031	0.111538	0.000000	
THREAD 1.122.1	46.792573	0.000392	0.000133	52.949948	0.113898	0.025368	0.000082	0.000041	0.005962	0.000034	0.111570	0.000000	
THREAD 1.123.1	46.967828	0.000391	0.000135	52.775195	0.113984	0.025304	0.000077	0.000042	0.005340	0.000037	0.111666	0.000000	
THREAD 1.124.1	47.381411	0.000392	0.000138	52.362023	0.114110	0.025308	0.000078	0.000042	0.004709	0.000032	0.111758	0.000000	
THREAD 1.125.1	46.695645	0.000443	0.000140	53.049287	0.113879	0.025214	0.000104	0.000043	0.004083	0.000034	0.111128	0.000000	
THREAD 1.126.1	46.889058	0.000462	0.000137	52.856361	0.113904	0.025377	0.000082	0.000039	0.003337	0.000035	0.111207	0.000000	
THREAD 1.127.1	46.969867	0.000438	0.000138	52.776148	0.113997	0.025312	0.000075	0.000046	0.002711	0.000035	0.111233	0.000000	
THREAD 1.128.1	47.425231	0.000354	0.000134	52.325196	0.114109	0.025314	0.000077	0.000040	0.002083	0.000031	0.107432	0.000000	

Total	7904.527567	0.061623	0.036055	4865.847269	6.808411	3.256047	0.010313	0.005309	5.462190	0.004318	13.976860	0.004039	
Average	61.754122	0.000481	0.000282	38.014432	0.053191	0.025438	0.000081	0.000041	0.042673	0.000034	0.109194	0.004039	
Maximum	92.522780	0.011915	0.019150	53.058050	0.114129	0.025853	0.000104	0.000046	0.084558	0.000041	0.111758	0.004039	
Minimum	46.671425	0.000354	0.000128	7.289802	0.003174	0.025177	0.000074	0.000039	0.000071	0.000030	0.004693	0.004039	
Stdev	11.824813	0.001015	0.001674	11.799992	0.034017	0.000144	0.000004	0.000002	0.024146	0.000002	0.009324	0.000000	
Avg/Max	0.667448	0.040405	0.014710	0.716469	0.466056	0.983936	0.776813	0.896218	0.504664	0.824964	0.977063	1.000000	

